Device Started
MPU6050 connection successful
-0.8,0.4,0.4,9.5,-0.7,1.4,3.3,3.7,
-0.7,0.4,0.4,9.4,2.1,5.1,6.8,8.7,
-0.7,0.4,0.4,9.1,3.3,24.1,4.3,24.7,
-0.8,0.4,0.4,10.1,0.8,-14.9,-0.2,14.9,
-0.8,0.4,0.4,9.4,-7.2,-3.3,-2.1,8.1,
-0.8,0.4,0.4,9.5,-13.8,-7.0,-4.2,16.0,
-0.7,0.4,0.4,9.2,-24.0,1.9,-4.1,24.4,
-0.8,0.4,0.4,9.6,-18.5,12.4,0.7,22.2,
-0.8,0.4,0.4,9.5,-3.9,-0.6,0.1,4.0,
-0.8,0.4,0.4,9.8,-1.4,1.0,2.7,3.2,
-0.8,0.4,0.4,9.5,0.3,22.9,2.1,23.0,
-0.7,0.3,0.3,8.4,11.8,19.6,-4.9,23.4,
-0.8,0.4,0.3,9.4,26.0,-13.1,-3.6,29.4,
-1.1,0.9,0.3,14.2,16.4,14.2,42.0,47.2,
-0.6,0.4,0.3,8.0,-16.9,28.4,30.1,44.7,
-0.5,0.0,0.3,6.0,-17.4,69.9,-40.3,82.5,
-1.4,0.4,0.5,15.7,-12.0,10.8,-33.4,37.1,
-0.4,-0.1,0.2,4.5,6.0,45.7,-61.2,76.6,
-0.2,0.4,0.2,4.6,34.8,-18.6,-116.9,123.4,
-1.6,1.1,0.3,20.2,40.2,-28.7,85.9,99.1,
-0.7,0.3,0.3,7.9,10.8,33.5,107.5,113.1,
-0.8,0.2,0.4,9.2,-17.4,32.6,-32.6,49.3,
-1.6,-0.0,0.5,16.5,22.8,44.9,-29.9,58.6,
-0.3,0.1,0.1,3.7,19.0,-26.3,-43.1,54.0,
-0.2,0.2,-0.0,2.8,53.7,20.9,-93.3,109.6,
-0.9,0.4,0.2,9.8,25.8,76.7,166.1,184.7,
-0.4,0.0,0.2,4.3,7.3,-3.5,17.3,19.1,
-1.3,0.4,0.4,14.1,-17.2,-38.0,-13.1,43.7,
-0.9,0.3,0.3,9.9,-21.5,-2.7,-7.1,22.8,
-0.2,0.0,0.1,2.1,3.8,54.4,-76.1,93.6,
-1.1,0.8,-0.1,13.8,-5.0,36.9,117.6,123.3,
-0.4,0.2,0.1,4.3,-19.9,-5.4,85.4,87.8,
-0.9,0.6,0.3,12.0,-45.0,-3.0,-47.7,65.6,
-1.6,0.4,0.5,17.3,-13.7,25.4,-36.9,46.8,
-0.2,-0.1,0.1,2.2,18.9,49.2,-45.5,69.6,
-2.0,1.2,0.2,23.4,5.0,-106.9,46.1,116.5,
-0.8,0.4,0.1,8.8,12.3,57.0,166.1,176.0,
-0.4,0.1,0.2,4.6,-6.6,-3.4,3.7,8.2,
-1.5,0.5,0.5,16.3,-26.2,-27.8,-6.3,38.8,
-0.9,0.2,0.4,10.3,-5.7,4.9,-41.1,41.8,
-0.0,-0.2,-0.0,2.5,21.2,66.0,-83.2,108.2,
-0.9,0.7,0.1,11.5,-38.7,-38.0,95.0,109.4,
-0.5,0.4,0.3,7.0,-22.9,1.4,135.6,137.5,
-0.9,0.4,0.4,11.0,-40.0,21.1,-8.8,46.1,
-2.0,0.2,0.7,21.5,19.1,10.7,33.9,40.3,
-0.4,-0.2,0.3,5.1,37.5,37.5,-51.8,74.2,
-0.2,0.0,0.2,2.7,55.3,20.8,-135.5,147.8,
-0.6,0.2,-0.1,5.9,13.6,66.4,105.3,125.2,
-0.2,0.2,0.1,2.6,-40.2,-60.8,45.2,85.8,
-1.8,0.4,0.9,21.0,26.4,-16.0,42.2,52.3,
-0.1,-0.1,0.2,2.7,27.6,76.8,4.6,81.7,
-1.6,0.3,0.5,17.1,-44.3,-127.5,-76.5,155.1,
-0.5,0.2,0.1,5.1,19.9,85.3,72.4,113.6,
-0.1,0.2,0.2,2.9,-29.1,-49.8,34.5,67.2,
-1.2,0.4,0.8,14.6,36.8,-34.1,38.6,63.3,
-0.4,-0.0,0.4,5.3,39.3,59.5,5.0,71.5,
-0.9,0.0,0.5,10.4,0.4,-0.8,-137.3,137.3,
-1.6,0.2,0.5,17.1,4.6,-50.4,-38.0,63.3,
-0.3,0.1,0.1,3.5,15.8,95.5,24.8,100.0,
-1.0,-0.2,0.3,10.2,-54.5,-41.0,-124.4,141.8,
-1.1,0.0,0.7,13.3,-41.6,-16.9,-2.6,45.0,
-0.6,0.2,0.5,8.0,33.8,-15.4,62.6,72.8,
-0.4,0.0,0.2,4.2,27.4,-11.7,-19.9,35.8,
-1.3,-0.3,0.4,13.7,18.5,54.3,-106.3,120.8,
-1.6,0.1,0.3,16.6,-0.8,9.1,18.8,20.9,
-0.2,0.1,0.1,3.0,-17.9,39.6,-0.6,43.5,
-1.7,0.0,0.4,17.6,-20.2,133.2,118.2,179.2,
-0.8,-0.0,0.2,8.5,-0.9,88.3,97.7,131.7,
-0.4,-0.0,0.1,4.1,36.1,-78.2,-61.1,105.6,
-1.4,0.2,0.2,14.1,55.7,-60.8,-93.1,124.4,
-1.0,0.2,0.1,10.4,1.5,31.8,-0.9,31.9,
-0.5,0.3,0.1,5.9,-3.5,40.7,37.6,55.5,
-0.9,0.3,0.5,10.5,-50.1,-59.5,-30.9,83.7,
-1.5,0.0,0.5,15.9,-23.3,47.5,92.5,106.5,
-0.5,0.1,0.1,5.0,27.6,-0.0,99.0,102.7,
-0.4,0.1,0.2,4.6,29.0,-29.1,-28.1,49.8,
-1.5,0.4,0.4,16.0,-29.2,-80.4,-12.4,86.4,
-1.2,0.5,0.3,13.2,-51.1,53.9,75.3,105.8,
-0.3,0.1,0.2,3.9,-61.2,-34.0,-19.8,72.7,
-1.2,0.4,0.3,13.1,-49.0,-82.6,-42.7,105.1,
-1.0,0.3,0.9,13.6,-9.7,-6.3,28.0,30.3,
-0.5,0.2,0.5,7.6,9.5,62.0,14.5,64.3,
-0.6,0.2,0.5,7.4,11.2,3.5,-61.5,62.6,
-1.2,0.3,0.7,14.1,12.2,-28.3,-20.4,37.0,
-0.9,0.4,0.5,10.8,-12.6,66.1,87.0,109.9,
-0.2,0.3,0.3,4.6,-25.0,15.1,0.7,29.3,
-0.8,0.4,0.4,10.0,-89.5,7.8,-41.6,99.0,
-1.6,0.2,0.5,17.0,-11.5,7.0,90.1,91.1,
-0.6,-0.1,0.3,7.0,28.1,39.7,9.4,49.6,
-0.6,-0.2,0.2,6.7,42.1,11.9,-151.9,158.1,
-1.5,1.1,0.3,18.8,-13.3,-210.1,5.0,210.5,
-0.5,0.5,0.2,7.1,25.4,95.4,160.5,188.5,
-0.5,0.3,0.4,7.0,-23.7,61.1,21.7,69.1,
-1.7,0.2,0.7,18.1,-9.1,-2.7,55.3,56.1,
-0.9,0.2,0.5,10.2,12.4,-31.1,-19.7,38.9,
-0.2,0.1,0.2,3.1,-3.6,4.0,-153.4,153.5,
-0.8,0.4,0.5,10.0,18.2,-34.4,-166.5,171.0,
-0.9,0.4,0.3,10.8,-12.2,9.7,134.1,135.0,
-0.5,0.3,0.3,6.9,3.4,39.4,129.8,135.7,
-1.0,0.4,0.5,11.9,-25.3,-2.3,-47.2,53.6,
-1.5,0.1,0.8,17.4,-22.7,-30.2,0.3,37.8,
-0.6,-0.1,0.4,6.8,-7.0,1.5,22.8,23.9,
-0.3,-0.0,0.1,2.9,7.4,26.1,-101.2,104.7,
-0.8,0.5,0.4,10.1,26.4,52.5,175.8,185.4,
-0.6,0.2,0.4,7.2,14.4,46.9,102.8,113.9,
-0.8,0.1,0.5,9.7,-17.2,-36.6,-37.9,55.4,
-1.5,0.1,0.8,16.9,-21.1,4.4,-18.4,28.4,
-0.5,0.2,0.4,6.2,14.4,6.3,-53.3,55.6,
-0.6,0.2,0.3,7.1,21.0,26.7,-186.3,189.4,
-1.6,0.9,0.4,19.2,3.4,-86.8,60.7,105.9,
-0.7,0.5,0.4,9.2,18.2,41.8,204.7,209.7,
-0.6,0.3,0.4,8.1,-11.3,28.9,26.4,40.7,
-1.8,0.1,0.9,20.1,6.4,14.3,24.3,28.9,
-0.8,-0.0,0.5,9.0,-13.0,-1.8,-57.1,58.6,
-0.2,0.2,0.2,3.9,6.1,42.3,-124.5,131.6,
-1.0,0.6,0.5,13.0,-1.3,-45.2,-120.6,128.8,
-1.3,0.6,0.4,14.8,2.3,-6.9,145.2,145.4,
-0.7,0.3,0.4,8.5,28.1,78.8,109.6,137.9,
-0.5,0.1,0.5,7.4,-18.4,-18.0,-54.4,60.2,
-1.3,0.5,0.9,16.2,-28.4,-72.0,41.0,87.6,
-0.7,0.2,0.5,8.5,20.2,0.8,51.6,55.4,
-0.4,0.1,0.4,5.6,-22.9,-0.7,-138.3,140.2,
-1.1,0.0,0.7,13.0,-10.2,-72.3,-174.0,188.7,
-0.5,0.3,0.1,5.9,29.0,35.8,158.5,165.0,
-0.4,0.3,0.2,5.0,19.1,-29.5,96.0,102.3,
-1.1,0.6,0.9,14.9,-46.5,-59.2,-57.4,94.7,
-1.4,-0.0,1.1,17.4,-5.5,9.6,9.4,14.5,
-0.6,0.0,0.5,8.1,-2.3,63.8,7.2,64.2,
-0.3,0.0,0.3,4.3,-24.6,10.8,-156.8,159.1,
-1.1,-0.0,0.5,11.9,3.3,-106.4,-77.4,131.6,
-0.6,0.7,0.3,9.4,95.5,122.8,227.4,275.6,
-0.4,0.2,0.3,5.3,26.2,-6.5,26.5,37.8,
-1.0,0.0,0.8,13.4,-23.3,-31.8,5.2,39.8,
-0.9,-0.1,0.8,12.4,-33.1,32.3,-18.3,49.7,
-0.3,0.0,0.3,4.4,-21.7,73.3,-92.0,119.6,
-0.8,0.1,0.5,9.5,-20.3,-4.7,-173.0,174.3,
-1.3,0.5,0.5,14.6,29.4,-12.6,118.1,122.4,
-0.6,0.5,0.4,8.6,-1.9,34.5,151.8,155.7,
-0.6,0.3,0.5,8.3,-58.8,-42.0,7.4,72.7,
-2.0,-0.2,1.3,24.3,-20.8,-88.1,-14.0,91.6,
-0.4,-0.2,0.2,5.4,23.0,-18.3,-52.6,60.3,
-0.1,0.1,0.2,2.9,-1.8,21.2,-119.3,121.2,
-1.2,0.3,0.7,13.9,44.0,46.1,152.5,165.3,
-0.4,0.1,0.3,5.2,47.3,59.1,129.4,149.9,
-1.3,0.2,0.7,15.0,-14.9,17.2,-51.1,56.0,
-1.3,-0.1,0.9,16.4,-9.0,-130.5,-15.4,131.7,
-0.7,0.3,0.7,9.8,68.6,78.0,45.2,113.3,
-0.6,0.4,0.5,9.0,-21.4,22.0,-126.3,130.0,
-0.8,0.5,0.5,10.5,-23.8,32.4,-25.0,47.4,
-0.5,0.2,0.3,6.6,47.0,92.3,205.8,230.4,
-0.6,0.0,0.5,7.6,1.5,39.5,0.5,39.5,
-1.2,-0.7,0.9,17.1,-19.8,123.0,-153.1,197.4,
-0.7,-0.3,0.3,8.3,-0.6,10.0,-5.2,11.3,
-0.3,0.1,0.1,3.2,48.8,-38.4,-68.7,92.6,
-1.4,0.6,0.6,16.4,45.6,-62.5,-110.9,135.2,
-1.2,0.3,0.4,13.4,37.2,38.2,193.7,200.9,
-0.5,0.1,0.4,6.1,-23.9,41.5,107.9,118.0,
-1.0,0.0,0.7,12.6,-58.3,-31.9,-23.1,70.3,
-1.1,-0.1,0.7,13.1,36.2,-47.6,-31.3,67.5,
-0.4,0.1,0.2,4.5,25.8,60.9,-50.6,83.3,
-0.7,0.4,0.4,9.4,-11.4,21.6,-151.9,153.9,
-1.5,0.6,0.4,16.7,-15.5,4.9,59.9,62.1,
-0.5,0.1,0.2,5.5,34.5,8.4,158.3,162.2,
-0.5,0.1,0.4,5.9,-32.0,-38.8,-29.0,58.0,
-1.3,-0.4,1.0,17.4,-43.5,3.1,-2.7,43.7,
-1.0,-0.1,0.4,10.9,42.4,28.7,-3.0,51.2,
-0.1,0.2,0.1,2.3,37.2,8.8,-68.2,78.2,
-1.9,0.4,0.7,20.5,5.0,103.2,116.7,155.9,
-0.4,-0.0,0.3,4.9,15.9,62.8,76.2,100.0,
-0.6,-0.1,0.4,7.3,10.6,19.8,-97.2,99.8,
-0.9,-0.3,0.3,9.7,-22.7,-90.9,-42.4,102.8,
-0.7,0.4,0.4,9.5,47.3,23.0,83.2,98.4,
-0.2,0.3,0.2,4.0,-16.0,17.5,-41.4,47.7,
-2.0,0.9,0.6,22.7,-18.9,34.7,43.0,58.4,
-0.8,0.0,0.2,7.8,-10.0,38.1,86.1,94.7,
-0.2,-0.1,0.2,2.6,-15.8,-16.3,-47.9,53.1,
-0.9,0.1,0.6,11.2,3.6,89.9,16.6,91.4,
0.3,0.2,-0.0,3.4,-2.4,-23.7,-34.0,41.5,
-1.2,0.4,0.5,13.7,32.2,65.5,22.6,76.4,
-2.0,0.7,0.4,22.0,42.5,50.6,171.1,183.4,
-0.4,0.0,0.1,3.7,27.1,-2.2,17.5,32.3,
-0.8,0.2,0.4,8.8,-39.2,-28.4,-113.6,123.5,
-1.3,0.2,0.7,15.1,-82.5,-43.3,-61.3,111.5,
-0.2,0.1,0.2,2.6,14.4,2.6,25.4,29.3,
-2.0,0.6,0.6,21.9,-4.1,-3.5,28.9,29.4,
-0.9,-0.0,0.2,9.5,7.6,46.8,76.3,89.8,
-0.1,-0.1,0.1,2.1,-4.7,-47.8,-67.8,83.1,
-0.5,0.4,0.4,7.7,25.7,75.7,40.7,89.7,
0.2,0.2,0.0,2.6,-1.8,16.8,69.6,71.6,
-2.0,0.2,0.8,21.8,-7.6,-109.5,0.5,109.7,
-0.0,-0.0,0.1,1.0,-5.6,-28.5,-64.4,70.7,
Tap detected
-0.2,0.3,0.3,4.8,-6.9,-18.5,-103.5,105.4,
-1.0,0.3,0.7,12.4,-31.9,37.3,67.6,83.5,
-0.4,0.1,0.4,5.3,26.7,-3.9,162.2,164.5,
-0.6,-0.1,0.3,6.5,18.3,-62.6,26.9,70.5,
-1.8,0.1,1.0,20.2,22.6,-4.4,-133.2,135.1,
-1.2,0.4,0.9,15.0,-24.4,-9.5,-2.2,26.3,
0.0,0.4,0.1,3.8,-46.7,-1.5,5.7,47.1,
-0.4,0.6,0.7,9.9,-49.4,6.8,-36.2,61.6,
-1.8,0.3,1.3,22.2,84.2,83.5,163.1,201.7,
-0.5,0.1,0.6,7.5,79.9,56.3,65.3,117.6,
-0.4,-0.1,0.3,5.3,19.8,6.2,-96.1,98.3,
-2.0,0.5,1.1,23.4,7.4,-109.2,-114.3,158.2,
-0.5,0.3,0.3,7.1,-17.9,63.9,41.4,78.2,
0.2,0.4,-0.1,4.9,-58.4,-11.9,-5.9,59.9,
-0.7,0.6,0.8,11.5,-54.0,-2.8,71.9,90.0,
-1.6,0.4,1.1,20.1,39.2,-71.7,103.8,132.2,
-0.3,-0.2,0.1,4.1,43.5,12.7,19.2,49.3,
-0.9,-0.2,0.3,9.8,50.7,77.6,-163.6,188.0,
-2.0,0.7,0.8,22.9,-24.1,-96.2,-130.1,163.6,
-0.2,0.5,0.1,5.2,-43.2,18.9,75.0,88.7,
0.3,0.4,-0.1,5.2,-72.0,14.6,79.6,108.3,
-1.4,0.4,1.0,17.5,-37.4,-20.1,92.9,102.1,
Tap detected
-1.5,-0.0,0.7,16.1,44.5,-49.9,30.3,73.4,
-0.3,-0.1,0.1,3.0,41.4,30.5,-59.1,78.3,
-1.3,0.7,0.2,14.9,-77.2,-78.2,-41.7,117.6,
-0.1,0.5,0.0,5.4,1.4,8.5,182.6,182.8,
0.0,0.2,0.2,2.6,-6.4,29.4,125.6,129.2,
-0.7,0.0,0.3,7.5,75.1,-17.7,2.5,77.1,
-0.4,-0.0,0.3,4.9,-2.8,-13.2,-136.8,137.4,
-1.6,0.5,1.1,19.9,-82.6,-1.3,-250.0,263.3,
-1.0,0.3,0.2,10.7,-36.0,10.0,4.5,37.6,
0.0,0.4,0.0,3.8,18.1,25.5,122.8,126.7,
-0.2,0.3,0.4,6.1,-8.5,10.6,125.3,126.1,
-2.0,0.4,1.3,24.5,50.0,21.3,143.9,153.8,
-0.5,-0.1,0.4,6.4,54.1,-53.4,-19.4,78.5,
-0.2,-0.2,0.1,2.7,36.9,84.9,-146.8,173.6,
-0.6,0.2,0.2,6.4,-24.4,77.5,83.9,116.8,
0.4,0.1,-0.0,4.7,-14.6,41.9,93.6,103.6,
-1.9,0.4,1.3,23.1,-28.1,-36.6,78.3,90.9,
-1.2,-0.0,0.8,14.2,36.3,-84.0,-1.7,91.5,
0.2,-0.0,-0.1,2.1,88.6,79.7,-42.6,126.6,
-1.6,0.5,0.6,17.9,-140.0,-87.5,-98.9,192.4,
0.2,0.8,-0.2,8.3,-20.3,2.0,115.3,117.1,
0.2,0.5,0.4,6.2,8.6,56.0,152.7,162.9,
-2.0,-0.1,1.3,24.0,64.6,-60.8,144.1,169.2,
Tap detected
-0.1,-0.3,0.1,4.0,76.3,34.7,-45.8,95.5,
Tap detected
-1.4,0.2,0.8,16.0,-29.8,78.0,-250.0,263.6,
-1.5,0.4,0.2,15.4,-92.4,-110.0,-167.7,220.8,
0.2,1.0,-0.3,10.6,8.8,42.2,154.8,160.7,
-0.7,0.4,0.5,9.5,-55.6,62.1,197.3,214.2,
-2.0,-0.3,0.7,21.7,4.7,-9.8,111.4,111.9,
-0.2,-0.2,0.1,3.4,135.6,71.1,-10.7,153.5,
-0.9,0.2,0.5,10.1,-32.0,-55.4,-242.9,251.1,
-2.0,0.6,0.4,21.1,-70.4,-173.0,-180.2,259.5,
-0.1,1.1,-0.1,11.5,70.1,57.0,250.0,265.8,
-0.5,0.2,0.4,6.2,-16.9,-6.2,201.4,202.2,
-2.0,-0.1,0.8,22.0,33.5,-86.9,72.9,118.3,
-0.6,-0.3,0.2,7.0,105.3,-7.6,-87.2,136.9,
-0.7,0.4,0.6,10.1,14.3,-4.1,-241.4,241.8,
-1.2,1.3,-0.0,17.4,-95.1,-89.4,-179.3,221.8,
-0.9,0.9,-0.0,13.0,-18.4,21.5,250.0,251.6,
-1.2,0.1,0.3,12.8,28.2,19.6,162.1,165.7,
-2.0,-0.3,0.7,21.8,-0.9,-165.6,1.5,165.6,
-1.3,-0.0,0.5,13.8,65.0,6.3,-88.3,109.8,
-0.8,0.2,0.5,9.5,-33.1,72.5,-250.0,262.4,
-2.0,1.1,0.2,23.2,-79.9,-173.1,-151.1,243.2,
-0.2,0.8,0.1,8.0,55.6,-2.4,250.0,256.1,
-0.8,0.2,0.2,8.1,3.7,56.9,176.1,185.1,
-2.0,0.1,0.9,22.4,17.3,-97.7,136.5,168.8,
-1.0,0.2,0.2,10.1,108.2,32.6,-55.7,125.9,
-0.6,-0.4,0.2,7.3,-41.2,-17.2,-250.0,254.0,
-2.0,2.0,0.2,28.6,-68.2,-145.2,-102.1,190.2,
Tap detected
0.3,1.2,0.1,12.4,60.8,101.7,232.0,260.5,
Tap detected
-1.4,0.3,0.8,16.9,-25.2,-39.8,198.0,203.5,
Tap detected
-1.5,-0.6,0.0,16.3,51.4,-88.0,6.0,102.1,
-0.9,0.3,0.5,10.9,33.0,-13.1,-146.4,150.6,
-1.3,0.9,0.7,17.1,-149.2,-92.7,-250.0,305.6,
-1.3,1.4,-0.3,19.7,21.0,-114.6,171.0,206.9,
0.1,0.5,0.1,5.5,28.8,153.1,188.0,244.1,
-1.5,0.3,0.8,17.2,-105.1,160.0,154.2,245.8,
-1.1,-0.9,-0.0,14.8,87.3,-85.8,-26.2,125.2,
-0.1,0.1,0.1,1.3,68.6,-32.0,-114.5,137.3,
-0.8,0.5,-0.2,9.9,-65.6,31.4,18.0,74.9,
0.7,0.6,0.1,9.5,-46.7,10.9,21.4,52.5,
-1.4,0.3,1.4,20.2,-15.4,-69.1,102.2,124.3,
-1.3,-0.8,0.4,15.5,93.0,-79.9,69.3,140.9,
-0.4,-0.4,0.3,6.4,28.2,-30.2,-119.8,126.8,
-2.0,0.1,1.4,24.5,-109.0,-12.0,-250.0,273.0,
Tap detected
-0.0,1.4,-0.2,14.1,15.4,59.1,160.1,171.3,
Tap detected
0.1,0.3,0.2,4.3,-40.7,-30.7,44.1,67.4,
-1.8,-0.4,1.6,23.8,48.5,-22.1,139.7,149.6,
Tap detected
-0.6,-0.4,0.2,7.1,101.6,-43.1,60.2,125.7,
-0.6,-0.5,0.5,9.3,-68.7,3.1,-164.6,178.3,
-2.0,0.5,1.2,23.8,-133.3,8.4,-250.0,283.5,
0.3,1.4,-0.1,14.4,105.7,40.3,172.9,206.6,
Tap detected
-0.9,0.6,1.0,15.0,-10.1,29.2,155.7,158.7,
-2.0,-1.3,0.6,24.9,86.1,36.0,168.8,192.9,
Tap detected
0.1,-0.4,-0.1,4.2,107.9,0.7,-62.4,124.7,
Tap detected
-0.7,-0.3,0.4,8.1,-95.2,63.9,-250.0,275.0,
-1.1,2.0,-0.6,23.6,-44.1,-231.7,96.8,255.0,
Tap detected
-0.0,0.9,0.3,9.5,18.6,-51.4,238.6,244.8,
-2.0,-0.7,0.9,23.3,5.5,39.4,152.6,157.7,
Tap detected
-1.1,-1.0,-0.2,14.7,68.5,44.4,-123.0,147.6,
-1.2,0.5,0.5,14.2,-16.3,-75.6,-250.0,261.7,
-1.6,1.2,0.4,20.2,-103.3,-140.8,-250.0,305.0,
-0.4,1.5,-0.2,15.5,67.4,121.3,250.0,286.0,
-1.6,0.7,0.7,18.8,-10.7,128.7,250.0,281.4,
-2.0,-0.6,0.7,22.4,61.6,-88.3,171.7,202.6,
-1.1,-0.5,0.2,12.4,75.5,25.0,-183.5,199.9,
-0.8,0.5,0.8,12.9,-138.6,-2.2,-250.0,285.9,
-0.6,1.8,0.2,19.1,-104.7,-3.9,-19.5,106.6,
0.0,0.7,-0.2,7.4,86.5,50.7,250.0,269.4,
-1.9,0.4,1.3,23.7,-18.3,-70.6,186.9,200.6,
Tap detected
-1.7,-0.4,0.7,18.9,0.1,-78.4,60.7,99.2,
-1.1,0.2,0.5,12.5,23.5,-28.2,-204.6,207.9,
-1.5,0.8,1.1,20.1,-189.8,-62.4,-250.0,320.0,
-1.1,1.5,0.0,18.1,-46.5,65.8,4.6,80.7,
0.1,0.7,0.3,7.9,54.5,70.5,237.3,253.4,
-1.7,-0.4,1.3,22.3,-79.4,86.8,142.7,184.9,
Tap detected
-1.5,-1.0,0.3,18.1,52.4,17.3,-3.8,55.3,
-0.1,0.2,0.0,2.2,90.8,-3.8,-190.2,210.8,
-0.2,1.7,-0.3,17.7,31.5,119.5,98.5,158.0,
0.1,0.3,0.6,6.6,35.1,-2.1,216.9,219.7,
-2.0,-0.8,1.6,26.9,94.6,-1.8,234.5,252.8,
Tap detected
-1.2,-0.5,0.5,14.1,102.2,-12.5,-32.1,107.8,
-1.2,0.4,1.0,15.8,-27.5,25.8,-250.0,252.8,
-0.3,2.0,-0.7,21.2,-127.6,-199.1,-60.7,244.1,
Tap detected
0.9,0.9,-0.3,12.8,-16.2,43.9,225.4,230.2,
-2.0,0.2,1.2,23.9,-93.4,-23.4,250.0,267.9,
Tap detected
-1.6,-1.1,0.3,19.8,173.8,-114.4,-56.6,215.6,
-0.6,0.1,0.4,6.9,62.8,-16.9,-235.5,244.3,
-2.0,1.4,0.2,24.9,-123.6,-216.2,-250.0,352.9,
Tap detected
0.0,1.3,-0.1,13.2,12.4,37.4,198.7,202.6,
Tap detected
-0.3,0.3,0.8,8.9,-58.3,16.1,250.0,257.2,
-2.0,-0.7,0.9,23.4,5.3,-42.2,165.9,171.3,
Tap detected
-0.6,-0.8,0.2,10.1,119.2,30.9,-160.0,201.9,
-0.9,0.3,0.8,12.4,-164.4,-84.8,-250.0,311.0,
-1.0,2.0,-0.3,22.7,-73.1,-94.9,18.5,121.2,
-0.8,1.0,0.7,14.4,129.3,86.5,250.0,294.4,
-1.6,-0.4,1.1,19.4,-48.2,-66.8,223.3,238.0,
-1.4,-0.7,0.2,15.5,25.9,-101.4,-80.2,131.8,
-1.1,0.1,0.9,14.2,-19.8,-64.3,-218.8,228.9,
-1.5,0.9,0.5,18.1,-161.0,-95.6,-250.0,312.4,
-0.1,2.0,-0.2,20.1,14.9,-6.0,90.5,91.9,
-1.4,0.2,0.9,16.8,-28.3,43.5,250.0,255.3,
Tap detected
-2.0,-2.0,0.7,29.2,16.8,-12.3,96.2,98.4,
Tap detected
-1.1,-0.4,0.4,12.7,-71.3,47.2,-246.1,260.5,
-0.6,0.9,0.3,11.5,-114.9,6.7,-157.1,194.7,
-0.6,0.7,0.7,11.4,-14.4,-24.7,-163.8,166.2,
-1.5,-0.7,0.4,17.1,37.4,29.2,121.8,130.7,
-0.6,-0.2,0.4,7.6,-0.8,55.6,40.4,68.8,
-1.0,-0.6,0.5,12.5,-31.8,7.1,15.0,35.9,
-0.6,0.1,0.4,7.2,-34.3,21.1,69.1,79.9,
-0.7,-0.2,0.4,8.7,-11.1,-49.7,30.8,59.5,
-0.8,-0.1,0.5,9.4,-34.5,-10.1,25.4,44.0,
-0.8,-0.1,0.5,9.5,-22.7,4.0,13.4,26.7,
-0.8,-0.0,0.5,9.6,-5.9,-17.2,11.5,21.5,
-0.8,-0.1,0.5,9.5,-12.2,0.7,12.9,17.8,
-0.8,-0.1,0.5,9.9,-8.4,-2.9,11.2,14.3,
-0.8,0.0,0.6,9.5,-13.3,-21.9,6.9,26.5,
